0,475
0,474
3,2
3,1
3,3
10,248
10,102
10,191
10,267
10,302
10,155
10,121
10,212
11,4
11,10
0,395
8,13
8,8
8,14
8,2
8,3
18,1
18,3
14,4
14,3
13,1
13,3
2,2
2,1
2,3
314,4
314,3
314,2
314,1
314,0
309,3
309,1
296,3
296,1
295,3
295,1
294,3
294,1
284,3
284,1
234,3
234,1
212,3
212,1
211,3
211,1
210,3
210,1
209,4
209,3
209,1
208,4
208,3
208,1
207,5
207,3
207,1
206,4
206,3
206,1
204,4
204,3
204,1
203,4
203,3
203,1
202,4
202,3
202,1
201,4
201,3
201,1
63,3
63,1
62,3
62,1
61,3
61,1
60,3
60,1
59,3
59,1
58,7
58,3
58,1
57,3
57,1
56,3
56,1
55,3
55,1
20,3
20,2
20,1
19,3
19,2
19,1
14,9
14,6
14,1
14,5
12,3
12,2
12,1
11,28
11,27
11,26
11,25
11,24
11,23
11,22
11,21
11,20
11,19
11,18
11,17
11,16
